0.45 23.3112
0.458065 23.9761
0.460377 23.4421
0.460521 23.8471
0.46106 24.6453
0.472717 24.7331
0.473585 24.3636
0.475978 24.5197
0.47729 24.674
0.482999 24.3901
0.483585 24.1323
0.484103 24.2776
0.483249 24.3129
0.483812 24.265
0.483972 24.0894
0.484153 23.949
0.484757 24.2159
0.484991 24.5251
0.485405 24.385
0.486047 24.5167
0.48566 24.5551
0.485737 24.4612
0.486011 24.4443
0.48619 24.5265
0.486129 24.4707
0.48617 24.4817
0.48648 24.2342
0.486773 24.2541
0.487186 24.3725
0.487873 24.4663
0.48847 24.2933
0.488797 24.3532
0.488238 24.4267
0.488108 24.3873
0.488393 24.6952
0.490681 24.5896
0.490627 24.4249
0.490647 24.3246
0.491616 24.3563
0.491369 24.5486
0.491784 0
