0    0
0    0.01
0    0.02
0.0198364    0.03
0.0183105    0.04
0.0343323    0.05
0.0740051    0.06
0.0518799    0.07
0.299072    0.08
0.205231    0.09
0.0869751    0.1
0.152588    0.11
0.133514    0.12
0.200653    0.13
0.367737    0.14
0.341034    0.15
0.248718    0.16
0.317383    0.17
0.39978    0.18
0.51651    0.19
0.541687    0.2
0.757599    0.21
0.527191    0.22
1.04904    0.23
0.959015    0.24
0.75531    0.25
0.705719    0.26
0.857544    0.27
1.06354    0.28
1.5831    0.29
1.08719    0.3
1.27792    0.31
1.46713    0.32
1.09634    0.33
1.36719    0.34
1.41754    0.35
1.89667    0.36
2.01797    0.37
1.75858    0.38
2.05002    0.39
1.95312    0.4
2.35443    0.41
2.15836    0.42
2.00348    0.43
2.59094    0.44
2.17514    0.45
2.33536    0.46
2.37122    0.47
2.32697    0.48
2.35596    0.49
3.15399    0.5
3.06931    0.51
2.80685    0.52
2.63367    0.53
3.04718    0.54
2.69241    0.55
2.78931    0.56
2.93503    0.57
3.16467    0.58
2.77786    0.59
3.20587    0.6
3.35693    0.61
3.00522    0.62
3.33252    0.63
3.24783    0.64
3.18298    0.65
3.24173    0.66
3.34625    0.67
3.39661    0.68
3.21274    0.69
3.59039    0.7
3.55759    0.71
3.75671    0.72
3.35007    0.73
3.84598    0.74
3.47519    0.75
3.77197    0.76
3.63617    0.77
3.76968    0.78
3.54919    0.79
3.82919    0.8
3.62549    0.81
4.06876    0.82
3.73383    0.83
3.65295    0.84
3.47748    0.85
4.03595    0.86
3.86429    0.87
3.5675    0.88
3.67203    0.89
3.58429    0.9
3.54309    0.91
3.32489    0.92
3.46298    0.93
3.48053    0.94
3.70255    0.95
3.37372    0.96
3.6705    0.97
3.54156    0.98
3.2402    0.99
3.07236    1
3.05252    1.01
3.47824    1.02
3.46069    1.03
3.74985    1.04
3.43933    1.05
3.19214    1.06
3.26309    1.07
3.29132    1.08
3.45688    1.09
3.13263    1.1
3.53241    1.11
3.022    1.12
3.54462    1.13
2.93579    1.14
3.16772    1.15
2.98157    1.16
2.5322    1.17
3.03497    1.18
2.95639    1.19
2.73514    1.2
2.65121    1.21
3.01971    1.22
2.30484    1.23
2.54517    1.24
2.39792    1.25
2.30484    1.26
2.35977    1.27
2.60162    1.28
2.18964    1.29
2.41318    1.3
2.20642    1.31
2.33307    1.32
2.49405    1.33
2.08282    1.34
2.23999    1.35
1.94168    1.36
2.08282    1.37
1.98441    1.38
2.108    1.39
1.99127    1.4
1.7662    1.41
1.65329    1.42
1.65329    1.43
1.64032    1.44
1.56403    1.45
1.52054    1.46
1.52588    1.47
1.57166    1.48
1.42136    1.49
1.34125    1.5
1.75934    1.51
1.35803    1.52
1.40839    1.53
1.37024    1.54
1.4183    1.55
0.944519    1.56
1.4061    1.57
1.17722    1.58
1.12152    1.59
1.2764    1.6
1.23596    1.61
1.2291    1.62
1.12915    1.63
1.3382    1.64
0.808716    1.65
1.13144    1.66
1.0704    1.67
1.06125    1.68
0.974274    1.69
1.15509    1.7
0.891876    1.71
0.885773    1.72
0.700378    1.73
0.745392    1.74
0.789642    1.75
0.7164    1.76
0.712585    1.77
0.813293    1.78
0.524902    1.79
0.575256    1.8
0.688934    1.81
0.502777    1.82
0.662994    1.83
0.522614    1.84
0.505066    1.85
0.692749    1.86
0.605774    1.87
0.737762    1.88
0.43869    1.89
0.611877    1.9
0.398254    1.91
0.409698    1.92
0.345612    1.93
0.457001    1.94
0.391388    1.95
0.421143    1.96
0.402069    1.97
0.469971    1.98
0.279999    1.99
0.39444    2
0.332642    2.01
0.293732    2.02
0.287628    2.03
0.328064    2.04
0.114441    2.05
0.331879    2.06
0.386047    2.07
0.226593    2.08
0.246429    2.09
0.140381    2.1
0.232697    2.11
0.11673    2.12
0.176239    2.13
0.241089    2.14
0.075531    2.15
0.136566    2.16
0.239563    2.17
0.166321    2.18
0.273895    2.19
0.10376    2.2
0.179291    2.21
0.209045    2.22
0.15564    2.23
0.0770569    2.24
0.117493    2.25
0.0671387    2.26
0.14801    2.27
0.0579834    2.28
0.120544    2.29
0.104523    2.3
0.110626    2.31
0.0556946    2.32
0.176239    2.33
0.0579834    2.34
0.141907    2.35
0.11673    2.36
0.107574    2.37
0.149536    2.38
0.0114441    2.39
0.143433    2.4
0.0946045    2.41
0.0839233    2.42
0.0587463    2.43
0.0770569    2.44
0.0907898    2.45
0.0305176    2.46
0.0816345    2.47
0.0648499    2.48
0.0686646    2.49
0.0167847    2.5
0.0473022    2.51
0.0717163    2.52
0.0419617    2.53
0.0457764    2.54
0.0457764    2.55
0.0160217    2.56
0.0511169    2.57
0.0442505    2.58
0.0701904    2.59
0.025177    2.6
0.154114    2.61
0.00839233    2.62
0.0236511    2.63
0.0305176    2.64
0.0114441    2.65
0.0526428    2.66
0.0457764    2.67
0.0267029    2.68
0.0404358    2.69
0.00686646    2.7
0.0183105    2.71
0    2.72
0.00457764    2.73
0.0213623    2.74
0.000762939    2.75
0    2.76
0.050354    2.77
0.0465393    2.78
0.0366211    2.79
0    2.8
0.00839233    2.81
0.0534058    2.82
0    2.83
0    2.84
0    2.85
0    2.86
0.00305176    2.87
0    2.88
0    2.89
0.0602722    2.9
0.00305176    2.91
0    2.92
0    2.93
0.0152588    2.94
0    2.95
0    2.96
0.00534058    2.97
0    2.98
0    2.99
0.00534058    3
0    3.01
0    3.02
0    3.03
0    3.04
0.00457764    3.05
0    3.06
0    3.07
0    3.08
0    3.09
0    3.1
0    3.11
0    3.12
0.00839233    3.13
0    3.14
0    3.15
0.0328064    3.16
0    3.17
0.00152588    3.18
0    3.19
0    3.2
0    3.21
0.0244141    3.22
0    3.23
0    3.24
0    3.25
0    3.26
0    3.27
0    3.28
0.0114441    3.29
0    3.3
0    3.31
0    3.32
0    3.33
0    3.34
0    3.35
0    3.36
0    3.37
0    3.38
0    3.39
0    3.4
0    3.41
0    3.42
0    3.43
0    3.44
0    3.45
0    3.46
0    3.47
0    3.48
0    3.49
0    3.5
0    3.51
0    3.52
0    3.53
0    3.54
0    3.55
0    3.56
0    3.57
0    3.58
0    3.59
0    3.6
0    3.61
0    3.62
0    3.63
0    3.64
0    3.65
0    3.66
0    3.67
0    3.68
0    3.69
0    3.7
0    3.71
0    3.72
0    3.73
0    3.74
0    3.75
0    3.76
0    3.77
0    3.78
0    3.79
0    3.8
0    3.81
0    3.82
0    3.83
0    3.84
0    3.85
0    3.86
0    3.87
0    3.88
0    3.89
0    3.9
0    3.91
0    3.92
0    3.93
0    3.94
0    3.95
0    3.96
0    3.97
0    3.98
0    3.99
