0    0
0    0.01
0.00137329    0.02
0.0141907    0.03
0.00549316    0.04
0.0346375    0.05
0.0402832    0.06
0.0619507    0.07
0.104675    0.08
0.0741577    0.09
0.113678    0.1
0.0914001    0.11
0.0819397    0.12
0.225983    0.13
0.162659    0.14
0.251923    0.15
0.23056    0.16
0.214386    0.17
0.321808    0.18
0.475616    0.19
0.44632    0.2
0.59494    0.21
0.491638    0.22
0.472412    0.23
0.635986    0.24
0.637207    0.25
0.939941    0.26
0.810394    0.27
0.744019    0.28
0.922852    0.29
0.979614    0.3
1.15128    0.31
1.42303    0.32
1.08215    0.33
1.16943    0.34
1.21796    0.35
1.29379    0.36
1.45187    0.37
1.50986    0.38
1.32751    0.39
1.5358    0.4
1.86554    0.41
1.53122    0.42
1.71432    0.43
1.98685    0.44
1.77567    0.45
2.20963    0.46
2.00638    0.47
1.95328    0.48
2.20505    0.49
2.67273    0.5
2.54883    0.51
2.31277    0.52
2.23877    0.53
2.60666    0.54
2.31003    0.55
2.97089    0.56
2.9097    0.57
2.30637    0.58
2.61093    0.59
2.64832    0.6
2.54623    0.61
2.74185    0.62
2.92923    0.63
3.30566    0.64
3.25058    0.65
3.16681    0.66
3.53119    0.67
3.38715    0.68
3.06732    0.69
3.246    0.7
3.53806    0.71
3.13858    0.72
3.32901    0.73
3.88535    0.74
3.47549    0.75
3.60565    0.76
3.28522    0.77
3.36578    0.78
3.47275    0.79
3.74741    0.8
3.65784    0.81
3.70483    0.82
3.47778    0.83
3.61496    0.84
3.58749    0.85
3.59711    0.86
3.86261    0.87
3.75305    0.88
3.79684    0.89
3.71292    0.9
3.42041    0.91
3.84872    0.92
3.56171    0.93
3.63937    0.94
3.61938    0.95
3.51791    0.96
3.57147    0.97
3.45825    0.98
3.51151    0.99
3.84262    1
3.26172    1.01
3.52768    1.02
3.64029    1.03
3.22495    1.04
3.71872    1.05
3.5878    1.06
3.15948    1.07
3.53165    1.08
3.39508    1.09
3.73108    1.1
3.27972    1.11
3.78983    1.12
3.3812    1.13
3.0368    1.14
3.18878    1.15
3.23547    1.16
2.91336    1.17
3.01865    1.18
3.31207    1.19
2.43561    1.2
3.21899    1.21
3.12714    1.22
2.8688    1.23
2.76016    1.24
2.69135    1.25
2.65747    1.26
2.76062    1.27
2.85004    1.28
2.61917    1.29
2.71896    1.3
2.83356    1.31
2.4118    1.32
2.23877    1.33
2.31339    1.34
2.39151    1.35
2.61078    1.36
2.10922    1.37
2.10968    1.38
2.21603    1.39
2.26471    1.4
2.1759    1.41
2.14264    1.42
2.48825    1.43
1.85577    1.44
1.87241    1.45
1.89896    1.46
1.6098    1.47
1.55991    1.48
1.9928    1.49
1.76224    1.5
1.58554    1.51
1.58936    1.52
1.77124    1.53
1.50162    1.54
1.81625    1.55
1.29211    1.56
1.31516    1.57
1.22787    1.58
1.33759    1.59
1.36658    1.6
1.53275    1.61
1.12701    1.62
1.08246    1.63
1.07315    1.64
1.02722    1.65
0.991821    1.66
0.957489    1.67
1.13251    1.68
1.02951    1.69
0.982208    1.7
0.872803    1.71
1.05972    1.72
0.769958    1.73
0.986481    1.74
0.719757    1.75
0.809631    1.76
0.974731    1.77
0.804901    1.78
0.874786    1.79
0.767822    1.8
0.88974    1.81
0.700073    1.82
0.692596    1.83
0.588989    1.84
0.519409    1.85
0.658875    1.86
0.729218    1.87
0.520477    1.88
0.559998    1.89
0.675964    1.9
0.566559    1.91
0.550079    1.92
0.517578    1.93
0.362091    1.94
0.383301    1.95
0.376587    1.96
0.289001    1.97
0.451508    1.98
0.395966    1.99
0.473175    2
0.505371    2.01
0.404816    2.02
0.330811    2.03
0.456696    2.04
0.307617    2.05
0.533142    2.06
0.307465    2.07
0.275116    2.08
0.243378    2.09
0.219727    2.1
0.211792    2.11
0.165863    2.12
0.272675    2.13
0.112305    2.14
0.272675    2.15
0.228424    2.16
0.191498    2.17
0.173645    2.18
0.163116    2.19
0.143585    2.2
0.117493    2.21
0.211792    2.22
0.127106    2.23
0.222626    2.24
0.120239    2.25
0.13855    2.26
0.179138    2.27
0.0460815    2.28
0.118408    2.29
0.115509    2.3
0.0422668    2.31
0.291901    2.32
0.102539    2.33
0.121307    2.34
0.0657654    2.35
0.0895691    2.36
0.105591    2.37
0.0132751    2.38
0.057373    2.39
0.0785828    2.4
0.0312805    2.41
0.0691223    2.42
0.0971985    2.43
0.120544    2.44
0.000610352    2.45
0.0849915    2.46
0.0315857    2.47
0.0737    2.48
0.00366211    2.49
0.091095    2.5
0.0984192    2.51
0.0973511    2.52
0.0547791    2.53
0.0770569    2.54
0.0500488    2.55
0.0491333    2.56
0.0289917    2.57
0.0474548    2.58
0.0115967    2.59
0.0758362    2.6
0.0286865    2.61
0.0263977    2.62
0.0619507    2.63
0.000915527    2.64
0.0387573    2.65
0.08255    2.66
0.00350952    2.67
0.0111389    2.68
0.0245667    2.69
0.0143433    2.7
0.0187683    2.71
0.0384521    2.72
0.0405884    2.73
0.0309753    2.74
0.0257874    2.75
0    2.76
0.0271606    2.77
0.017395    2.78
0.000762939    2.79
0    2.8
0    2.81
0    2.82
0.0169373    2.83
0.00549316    2.84
0.0622559    2.85
0    2.86
0.00167847    2.87
0.00350952    2.88
0    2.89
0    2.9
0    2.91
0.00869751    2.92
0    2.93
0.0337219    2.94
0    2.95
0    2.96
0    2.97
0    2.98
0    2.99
0    3
0.00686646    3.01
0    3.02
0    3.03
0    3.04
0    3.05
0    3.06
0    3.07
0    3.08
0    3.09
0    3.1
0    3.11
0    3.12
0    3.13
0    3.14
0    3.15
0    3.16
0    3.17
0    3.18
0    3.19
0    3.2
0    3.21
0    3.22
0    3.23
0    3.24
0    3.25
0    3.26
0    3.27
0    3.28
0    3.29
0    3.3
0    3.31
0    3.32
0    3.33
0    3.34
0    3.35
0    3.36
0    3.37
0    3.38
0    3.39
0    3.4
0    3.41
0    3.42
0    3.43
0    3.44
0    3.45
0    3.46
0    3.47
0    3.48
0    3.49
0    3.5
0    3.51
0    3.52
0    3.53
0    3.54
0    3.55
0    3.56
0    3.57
0    3.58
0    3.59
0    3.6
0    3.61
0    3.62
0    3.63
0    3.64
0    3.65
0    3.66
0    3.67
0    3.68
0    3.69
0    3.7
0    3.71
0    3.72
0    3.73
0    3.74
0    3.75
0    3.76
0    3.77
0    3.78
0    3.79
0    3.8
0    3.81
0    3.82
0    3.83
0    3.84
0    3.85
0    3.86
0    3.87
0    3.88
0    3.89
0    3.9
0    3.91
0    3.92
0    3.93
0    3.94
0    3.95
0    3.96
0    3.97
0    3.98
0    3.99
