0.7 196.555
0.697634 195.795
0.68953 192.265
0.683945 189.151
0.672103 185.464
0.670933 184.252
0.66617 182.952
0.664526 181.665
0.660109 180.33
0.659712 179.744
0.658663 179.218
0.65743 178.118
0.652263 176.526
0.649471 175.768
0.648602 175.776
0.644993 175.001
0.644441 174.526
0.63847 172.325
0.610371 166.06
0.598754 164.418
0.595912 163.687
0.590479 162.803
0.589129 162.695
0.588337 162.317
0.585644 161.638
0.584471 161.316
0.577936 160.558
0.571182 159.901
0.570915 159.633
0.569754 159.037
0.565401 157.876
0.560922 156.863
0.557218 156.57
0.556599 156.285
0.554978 155.77
0.553974 6.37345e-322
