0.3 98.4858
0.312526 103.392
0.318066 105.986
0.32685 109.442
0.334754 112.944
0.347959 118.104
0.364939 123.615
0.368224 125.942
0.392232 131.356
0.394276 131.757
0.395084 131.761
0.396859 132.526
0.398661 133.731
0.414742 137.069
0.416028 137.813
0.421468 139.295
0.422706 139.682
0.43495 142.006
0.435938 142.259
0.436935 142.127
0.439894 142.462
0.441787 143.145
0.448407 144.445
0.449419 144.707
0.453622 145.451
0.45424 145.511
0.455182 145.927
0.456118 146.373
0.457081 146.727
0.457414 146.782
0.457917 146.934
0.459653 146.873
0.460576 146.732
0.460874 146.834
0.461355 146.877
0.463031 147.089
0.463354 146.977
0.465685 147.27
0.466507 147.502
0.471226 148.17
0.472095 148.262
0.472432 148.139
0.473433 148.48
0.4741 148.621
0.475985 148.917
0.476383 148.783
0.477539 149.041
0.480233 149.234
0.480807 149.254
0.483407 149.206
0.483557 0
