0.3 107.687
0.362445 128.802
0.383799 137.168
0.387647 140.953
0.388343 141.838
0.392116 143.018
0.394289 144.68
0.405644 146.831
0.406964 148.691
0.411006 148.644
0.418585 149.8
0.421774 148.667
0.43091 148.447
0.432779 147.84
0.433636 149.562
0.439083 149.348
0.447839 150.675
0.449218 151.698
0.450275 151.097
0.451399 151.445
0.452785 151.255
0.454721 151.55
0.45507 150.957
0.460693 151.039
0.46494 150.379
0.467151 150.131
0.470259 149.696
0.47106 150.023
0.471554 150.488
0.473146 151.169
0.473612 151.163
0.474343 151.152
0.474886 150.868
0.476319 150.668
0.477009 150.712
0.477824 150.223
0.47863 150.175
0.483144 149.896
0.48457 150.646
0.486633 150.549
0.487488 150.307
0.48773 150.302
0.487989 150.276
0.488302 150.056
0.488798 150.062
0.48942 149.805
0.489907 149.863
0.490052 150.039
0.490477 150.186
0.490696 150.025
0.490834 150.056
