0.4 17.4875
0.38994 17.4317
0.416485 17.2997
0.431346 17.6767
0.435768 16.7879
0.374773 17.3978
0.392639 17.0992
0.421109 16.1149
0.394321 16.5105
0.476506 16.9608
0.400708 17.0215
0.410331 17.0408
0.405798 17.4407
0.40205 16.9075
0.395765 17.5789
0.440008 16.642
0.433227 16.8436
0.394168 17.0797
0.42604 17.6756
0.432807 17.4184
0.457113 17.8148
0.447269 18.2527
0.445585 16.7545
0.409494 17.2217
0.401027 17.2897
0.403306 16.906
0.465195 17.4875
0.425861 16.9817
0.465426 16.9545
0.472064 17.4074
0.470695 17.5362
0.403479 17.3786
0.390876 16.99
0.407711 16.6739
0.399097 16.6799
0.416373 6.37345e-322
