0.7 163.417
0.652378 155.484
0.63315 153.48
0.61358 155.395
0.606963 155.723
0.597337 155.041
0.576013 151.999
0.569043 150.475
0.554998 149.806
0.548307 150.499
0.533765 150.791
0.528053 150.265
0.517226 150.732
0.514285 150.545
0.513566 149.915
0.511792 149.944
0.509479 149.966
0.508791 150.058
0.505407 150
0.504918 150.118
0.504621 150.11
0.503941 150.052
0.502232 149.978
0.500963 150.01
0.500856 150.015
0.500697 150.005
0.500628 150.008
0.500581 150.002
0.500422 149.999
0.500372 149.998
0.500292 150.018
0.50021 150.004
0.500145 149.998
0.500127 150.001
0.500094 149.999
0.500086 150
0.500031 149.999
0.500012 150
0.500007 150
0.500007 150
0.500005 150
0.500004 150
0.500004 150
0.500004 150
0.500003 150
0.500002 150
0.500001 150
0.500001 150
0.500001 150
0.500001 150
0.5 150
