0.45 260.648
0.526675 276.938
0.375236 252.832
0.511671 268.904
0.494587 267.549
0.477385 266.78
0.492105 267.186
0.479034 268.206
0.499862 268.86
0.477931 266.579
0.513691 265.781
0.497908 266.822
0.486772 265.214
0.453178 261.923
0.458268 265.51
0.491375 265.781
0.493401 265.62
0.48056 265.618
0.483944 265.64
0.534877 266.874
0.493447 267.409
0.494737 268.153
0.497486 268.11
0.499058 267.764
0.501548 267.462
0.49384 266.183
0.490985 266.325
0.512675 264.775
0.502924 266.232
0.499028 266.01
0.492723 265.612
0.496382 266.792
0.501665 265.374
0.556242 262.023
0.452905 266.906
