0.45 258.677
0.634852 308.12
0.621261 301.264
0.601892 294.297
0.585853 286.398
0.520957 272.791
0.480083 266.732
0.476509 266.12
0.476613 266.665
0.484949 266.963
0.481945 266.629
0.482862 267.595
0.49601 268.219
0.494121 267.341
0.491806 266.253
0.492678 265.676
0.491017 265.74
0.488665 266.125
0.48665 265.582
0.486845 266.202
0.483238 266.755
0.483669 266.698
0.486319 265.513
0.486743 265.843
0.486278 266.112
0.481811 266.193
0.481 265.546
0.485682 264.885
0.486501 264.21
0.479 264.746
0.483151 264.572
0.483464 264.978
0.484014 265.923
0.477399 266.101
0.469647 265.311
