0.45 24.5423
0.457469 23.8918
0.457414 24.0049
0.460451 24.1612
0.467828 24.1588
0.469184 24.539
0.472607 24.1716
0.47378 24.2113
0.475393 24.1031
0.477277 24.1637
0.477506 24.5827
0.4794 24.2007
0.480079 24.2495
0.480787 24.5746
0.486972 24.5308
0.488092 24.4822
0.48856 24.4897
0.48859 24.5119
0.48935 24.4669
0.48891 24.5104
0.48971 24.2741
0.491654 24.3728
0.492429 24.3553
0.492509 24.4065
0.492495 24.3696
0.492864 24.474
0.493539 24.4482
0.494658 24.3613
0.494712 24.4261
0.494693 24.3918
0.494399 24.3363
0.494417 24.3882
0.494458 24.4072
0.494668 24.438
0.494841 24.4154
0.4951 24.2719
