0.4 23.9432
0.429894 25.404
0.449728 24.6408
0.465591 24.382
0.465008 24.6663
0.476137 24.4051
0.479053 24.3794
0.483029 24.5611
0.48513 24.4739
0.485631 24.3297
0.488848 24.3861
0.488325 24.2839
0.489085 24.633
0.500844 24.3886
0.49886 24.4831
0.497442 24.4108
0.497229 24.4141
0.496988 24.434
0.496949 24.4107
0.496625 24.4164
0.496635 24.422
0.496144 24.4684
0.496074 24.4121
0.497456 24.3759
0.497002 24.3929
0.495775 24.3804
0.495766 24.4057
0.496253 24.3655
0.496416 24.3881
0.495021 24.4019
0.493504 24.3531
0.494199 24.4239
0.49168 24.3493
0.491188 24.392
0.492222 24.3526
