0.45 24.5234
0.477172 24.4309
0.487329 24.4048
0.492291 24.3975
0.494627 24.3969
0.496089 24.3988
0.496579 24.396
0.496871 24.4013
0.497082 24.3966
0.497259 24.3996
0.497434 24.401
0.497362 24.3972
0.497421 24.3993
0.497287 24.4028
0.497448 24.3983
0.497519 24.3966
0.497401 24.3992
0.497462 24.3951
0.497268 24.3968
0.497604 24.3927
0.497562 24.3932
0.497671 24.395
0.497608 24.3958
0.497574 24.3946
0.497399 24.3952
0.497377 24.3949
0.497495 24.4005
0.497524 24.3975
0.497495 24.4005
0.497509 24.4022
0.497573 24.3978
0.497431 24.3944
0.497317 24.3993
0.497404 24.3991
0.497388 24.3997
