0.45 124.772
0.444551 125.454
0.442839 126.699
0.44859 130.317
0.446995 126.876
0.44248 125.846
0.456634 124.953
0.458633 126.532
0.4612 127.839
0.460603 126.361
0.483551 127.191
0.483103 126.892
0.483661 127.951
0.48957 128.36
0.491418 127.986
0.493782 127.325
0.490272 127.23
0.4917 127.034
0.49029 127.451
0.490371 126.977
0.488739 127.285
0.490763 127.045
0.489027 127.326
0.486567 127.41
0.488229 127.537
0.491161 127.116
0.488044 126.749
0.4862 127.168
0.487455 127.311
0.485571 127.811
0.480296 127.794
0.479681 126.881
0.488975 126.841
0.487799 126.935
0.484651 127.425
