0.45 124.685
0.444894 127.257
0.456846 128.227
0.460625 126.495
0.46283 127.09
0.470649 127.883
0.478026 128.072
0.507433 126.909
0.492427 126.753
0.503282 126.97
0.497197 126.762
0.500128 127.238
0.495765 127.359
0.496172 127.722
0.491493 127.236
0.490352 127.145
0.490886 127.183
0.493287 127.149
0.49269 127.433
0.492674 127.438
0.492353 127.207
0.493245 127.463
0.494332 127.228
0.491093 126.734
0.488848 127.391
0.495249 127.958
0.496061 127.563
0.493184 127.74
0.49237 127.22
0.495482 127.172
0.48482 127.243
0.480841 127.376
0.482266 127.177
0.487269 126.813
0.4847 127.358
