0.4 114.142
0.420954 120.042
0.423675 120.918
0.429455 121.587
0.435024 122.385
0.435798 122.711
0.42856 121.556
0.432445 121.959
0.436486 121.978
0.440665 123.913
0.444226 124.519
0.446438 125.507
0.446191 125.494
0.449139 125.542
0.452277 127.098
0.450373 126.116
0.450081 127.029
0.464121 127.939
0.465085 128.358
0.464233 128.164
0.464774 127.11
0.468266 127.394
0.467573 126.487
0.467379 126.512
0.467841 126.462
0.468745 126.901
0.469069 126.469
0.469971 126.717
0.482589 127.324
0.482322 127.385
0.483217 127.817
0.484942 129.034
0.472853 127.329
0.474334 127.645
0.474322 127.778
