0 -nan
10000 15.3672
20000 14.7969
30000 15.6169
40000 15.1911
50000 15.011
60000 15.3917
70000 15.0918
80000 15.5226
90000 15.5051
100000 15.4843
110000 15.4962
120000 15.5792
130000 15.4806
140000 15.3121
150000 15.3889
160000 15.2117
170000 15.2328
180000 15.2556
190000 15.3397
200000 15.3759
210000 15.1828
220000 15.3819
230000 15.3424
240000 15.3101
250000 15.384
260000 15.2412
270000 15.4095
280000 15.4494
290000 15.3046
300000 15.3154
310000 15.3671
320000 15.4352
330000 15.2289
340000 15.4379
350000 15.3182
360000 15.3784
370000 15.3416
380000 15.4345
390000 15.2565
400000 15.4094
410000 15.4115
420000 15.2595
430000 15.3529
440000 15.3235
450000 15.2796
460000 15.2466
470000 15.4382
480000 15.3712
490000 15.4139
500000 15.3355
510000 15.3965
520000 15.3095
530000 15.2124
540000 15.3573
550000 15.3636
560000 15.3185
570000 15.3274
580000 15.2829
590000 15.2594
600000 15.3504
610000 15.3815
620000 15.4079
630000 15.3211
640000 15.3959
650000 15.3606
660000 15.4891
670000 15.3883
680000 15.4072
690000 15.3673
700000 15.3445
710000 15.2602
720000 15.4372
730000 15.3969
740000 15.3858
750000 15.2858
760000 15.3355
770000 15.4255
780000 15.4342
790000 15.4157
800000 15.417
810000 15.4005
820000 15.3131
830000 15.3815
840000 15.4435
850000 15.3914
860000 15.458
870000 15.365
880000 15.3722
890000 15.3887
900000 15.3142
910000 15.4712
920000 15.4274
930000 15.3756
940000 15.3013
950000 15.2989
960000 15.3138
970000 15.4357
980000 15.4216
990000 15.407
