0 -nan
10000 13.6226
20000 14.7607
30000 15.7331
40000 15.9342
50000 14.4203
60000 15.6488
70000 15.5151
80000 15.4977
90000 15.5905
100000 15.4251
110000 15.8145
120000 14.9521
130000 15.075
140000 15.2559
150000 14.9587
160000 15.7164
170000 15.2777
180000 15.3792
190000 15.3105
200000 15.0485
210000 14.9965
220000 15.0795
230000 15.1177
240000 14.8254
250000 15.4898
260000 15.0306
270000 15.2805
280000 15.0385
290000 15.5475
300000 15.3769
310000 15.6131
320000 15.6227
330000 15.3064
340000 15.5104
350000 15.8437
360000 15.3269
370000 15.3262
380000 15.4083
390000 15.3348
400000 15.0119
410000 15.5158
420000 15.3879
430000 15.3453
440000 15.2434
450000 14.9857
460000 15.0951
470000 15.3142
480000 15.5553
490000 15.3592
500000 15.3698
510000 15.6279
520000 15.459
530000 15.2337
540000 15.2869
550000 15.2269
560000 15.4306
570000 15.3627
580000 15.4901
590000 15.5854
600000 15.5505
610000 15.6067
620000 15.4574
630000 15.3429
640000 15.2571
650000 15.4795
660000 15.4434
670000 15.3408
680000 15.4198
690000 15.3606
700000 15.4434
710000 15.3886
720000 15.3767
730000 15.2184
740000 15.5377
750000 15.5287
760000 15.3783
770000 15.3026
780000 15.3217
790000 15.4196
800000 15.3026
810000 15.3751
820000 15.532
830000 15.315
840000 15.3895
850000 15.3127
860000 15.4344
870000 15.1334
880000 15.4957
890000 15.196
900000 15.1892
910000 15.7025
920000 15.2241
930000 15.5859
940000 15.1426
950000 15.2661
960000 15.2767
970000 15.3053
980000 15.4199
990000 15.2626
