0 nan
1000 15
2000 15
3000 15
4000 15
5000 15
6000 15
7000 15
8000 15
9000 15
10000 15
11000 15
12000 15
13000 15
14000 15
15000 15
16000 15
17000 15
18000 15
19000 15
20000 15
21000 15
22000 15
23000 15
24000 15
25000 15
26000 15
27000 15
28000 15
29000 15
30000 15
31000 15
32000 15
33000 15
34000 15
35000 15
36000 15
37000 15
38000 15
39000 15
40000 15
41000 15
42000 15
43000 15
44000 15
45000 15
46000 15
47000 15
48000 15
49000 15
50000 15
51000 15
52000 15
53000 15
54000 15
55000 15
56000 15
57000 15
58000 15
59000 15
60000 15
61000 15
62000 15
63000 15
64000 15
65000 15
66000 15
67000 15
68000 15
69000 15
70000 15
71000 15
72000 15
73000 15
74000 15
75000 15
76000 15
77000 15
78000 15
79000 15
80000 15
81000 15
82000 15
83000 15
84000 15
85000 15
86000 15
87000 15
88000 15
89000 15
90000 15
91000 15
92000 15
93000 15
94000 15
95000 15
96000 15
97000 15
98000 15
99000 15
