0 -nan
10000 15.2921
20000 15.4025
30000 15.3133
40000 15.3555
50000 15.3099
60000 15.234
70000 15.4275
80000 15.3638
90000 15.2578
100000 15.3689
110000 15.3691
120000 15.3465
130000 15.4302
140000 15.3958
150000 15.3636
160000 15.4191
170000 15.3891
180000 15.3642
190000 15.3436
200000 15.3957
210000 15.385
220000 15.3337
230000 15.3707
240000 15.3613
250000 15.2943
260000 15.3852
270000 15.4057
280000 15.3197
290000 15.4037
300000 15.3682
310000 15.4501
320000 15.3816
330000 15.3645
340000 15.3582
350000 15.3314
360000 15.3824
370000 15.3257
380000 15.4001
390000 15.3847
400000 15.3447
410000 15.3767
420000 15.3714
430000 15.3614
440000 15.3796
450000 15.3853
460000 15.4024
470000 15.341
480000 15.3602
490000 15.3772
500000 15.329
510000 15.3494
520000 15.3705
530000 15.3712
540000 15.3642
550000 15.3719
560000 15.4155
570000 15.4035
580000 15.3378
590000 15.4245
600000 15.3744
610000 15.408
620000 15.328
630000 15.399
640000 15.3611
650000 15.3692
660000 15.3884
670000 15.3709
680000 15.3754
690000 15.3769
700000 15.3874
710000 15.3884
720000 15.3402
730000 15.3901
740000 15.3604
750000 15.4095
760000 15.3725
770000 15.3837
780000 15.3623
790000 15.3582
800000 15.3817
810000 15.4094
820000 15.3847
830000 15.3549
840000 15.3945
850000 15.3769
860000 15.3713
870000 15.3743
880000 15.3811
890000 15.3888
900000 15.3821
910000 15.3621
920000 15.3809
930000 15.3658
940000 15.3736
950000 15.3958
960000 15.3844
970000 15.3573
980000 15.3963
990000 15.3676
