0 -nan
10000 15.1655
20000 15.5389
30000 15.2135
40000 15.4888
50000 15.3727
60000 15.3634
70000 15.5155
80000 15.4181
90000 15.3034
100000 15.3806
110000 15.4029
120000 15.3589
130000 15.4357
140000 15.3143
150000 15.4172
160000 15.3869
170000 15.3479
180000 15.2876
190000 15.3826
200000 15.3665
210000 15.3571
220000 15.3781
230000 15.4104
240000 15.5209
250000 15.3267
260000 15.3799
270000 15.275
280000 15.4118
290000 15.3329
300000 15.3659
310000 15.3729
320000 15.3826
330000 15.4364
340000 15.3251
350000 15.4113
360000 15.2663
370000 15.4513
380000 15.4177
390000 15.2945
400000 15.3464
410000 15.3311
420000 15.3638
430000 15.3945
440000 15.3335
450000 15.4046
460000 15.4192
470000 15.3766
480000 15.4175
490000 15.3396
500000 15.4073
510000 15.2976
520000 15.3496
530000 15.3656
540000 15.3384
550000 15.3158
560000 15.36
570000 15.4096
580000 15.4414
590000 15.3744
600000 15.3985
610000 15.4079
620000 15.3728
630000 15.3775
640000 15.3629
650000 15.3454
660000 15.3516
670000 15.345
680000 15.3568
690000 15.3628
700000 15.3262
710000 15.371
720000 15.44
730000 15.3278
740000 15.3834
750000 15.4119
760000 15.4025
770000 15.4182
780000 15.3715
790000 15.3892
800000 15.3841
810000 15.4012
820000 15.378
830000 15.3975
840000 15.3571
850000 15.3651
860000 15.3954
870000 15.3415
880000 15.3915
890000 15.3334
900000 15.3857
910000 15.3657
920000 15.3761
930000 15.4018
940000 15.3475
950000 15.3433
960000 15.4052
970000 15.3895
980000 15.35
990000 15.3328
