0 -nan
10000 12.8183
20000 13.6818
30000 14.4628
40000 15.3236
50000 15.6215
60000 17.1458
70000 15.8775
80000 14.7362
90000 15.8393
100000 15.3562
110000 15.2553
120000 17.0783
130000 15.7288
140000 15.7857
150000 15.8064
160000 14.2186
170000 16.9381
180000 16.1222
190000 15.6594
200000 15.2771
210000 15.4157
220000 15.0611
230000 15.0513
240000 15.6858
250000 15.7766
260000 14.976
270000 15.8479
280000 14.7824
290000 15.1347
300000 15.2743
310000 15.536
320000 15.3132
330000 15.2622
340000 15.615
350000 15.5357
360000 15.6736
370000 15.2793
380000 15.4665
390000 15.3344
400000 15.1039
410000 15.0219
420000 14.9894
430000 14.8249
440000 15.4105
450000 15.0578
460000 15.7851
470000 15.2274
480000 14.9605
490000 15.2844
500000 15.2649
510000 15.6265
520000 15.8636
530000 15.1987
540000 15.7608
550000 15.1968
560000 15.1816
570000 15.4696
580000 15.4409
590000 15.0179
600000 15.6859
610000 15.4144
620000 15.3176
630000 15.2167
640000 15.0153
650000 15.2153
660000 15.8572
670000 15.2115
680000 15.615
690000 15.5221
700000 15.9193
710000 15.8127
720000 15.5908
730000 15.5693
740000 14.9017
750000 16.0692
760000 15.1611
770000 15.4232
780000 15.4992
790000 15.135
800000 14.8842
810000 15.2322
820000 15.3612
830000 15.2194
840000 15.4469
850000 15.4857
860000 15.4582
870000 14.9781
880000 15.4576
890000 15.3959
900000 15.1773
910000 15.1777
920000 15.4944
930000 15.1247
940000 14.8125
950000 15.133
960000 15.426
970000 15.2591
980000 15.3973
990000 15.3793
