0.35 26.6887
0.534738 24.4092
0.513586 24.4239
0.508128 24.4223
0.499727 24.3931
0.497654 24.4175
0.495989 24.4009
0.495847 24.418
0.495983 24.3958
0.494865 24.397
0.494955 24.4034
0.494786 24.402
0.496943 24.3937
0.496643 24.4031
0.495976 24.409
0.496081 24.3944
0.497006 24.3939
0.49527 24.4044
0.494961 24.3809
0.495803 24.4036
0.496243 24.3997
0.496023 24.4048
0.495955 24.3796
0.495282 24.3795
0.494716 24.3819
0.496669 24.3899
0.495782 24.3951
0.49493 24.405
0.494744 24.4103
0.494783 24.4119
0.495091 24.4037
0.496655 24.3986
0.496626 24.4081
0.495438 24.4161
0.496187 24.3943
0.495691 24.3792
0.496254 24.4054
0.497764 24.4013
0.496935 24.3846
0.496601 24.4019