0    0
0.00152588    0.01
0.0106812    0.02
0.0518799    0.03
0.0312805    0.04
0.0320435    0.05
0.0892639    0.06
0.0793457    0.07
0.106812    0.08
0.144958    0.09
0.259399    0.1
0.16861    0.11
0.204468    0.12
0.275421    0.13
0.30899    0.14
0.297546    0.15
0.447845    0.16
0.333405    0.17
0.582886    0.18
0.506592    0.19
0.563049    0.2
0.816345    0.21
0.602722    0.22
0.708008    0.23
0.679779    0.24
0.733185    0.25
1.091    0.26
1.04218    0.27
1.29623    0.28
1.18408    0.29
1.18332    0.3
1.39084    0.31
1.50604    0.32
1.37634    0.33
1.60446    0.34
1.52969    0.35
1.46408    0.36
1.70059    0.37
1.84708    0.38
1.89209    0.39
1.81122    0.4
2.0401    0.41
2.16064    0.42
2.17819    0.43
2.62527    0.44
2.12555    0.45
2.42844    0.46
2.41089    0.47
2.47726    0.48
2.43912    0.49
2.27814    0.5
3.20816    0.51
2.53067    0.52
3.07465    0.53
3.09296    0.54
3.40729    0.55
3.37753    0.56
3.02505    0.57
2.95258    0.58
3.66135    0.59
3.01361    0.6
3.22571    0.61
3.66898    0.62
2.88086    0.63
3.479    0.64
3.49197    0.65
3.1311    0.66
3.50189    0.67
3.74298    0.68
3.3432    0.69
3.63388    0.7
3.47824    0.71
3.42941    0.72
3.45154    0.73
4.02374    0.74
3.39584    0.75
3.45535    0.76
3.72391    0.77
3.57132    0.78
3.51334    0.79
3.29056    0.8
3.64227    0.81
3.53851    0.82
3.99628    0.83
3.35464    0.84
3.43399    0.85
3.65906    0.86
3.61404    0.87
3.71704    0.88
3.45459    0.89
3.48129    0.9
3.20892    0.91
3.7323    0.92
3.57285    0.93
3.54004    0.94
3.58276    0.95
3.74832    0.96
3.4668    0.97
3.17001    0.98
3.18222    0.99
3.16162    1
3.27148    1.01
3.12042    1.02
3.1868    1.03
3.19366    1.04
2.95029    1.05
3.2814    1.06
2.80914    1.07
3.10593    1.08
2.91672    1.09
3.15323    1.1
3.01971    1.11
2.85797    1.12
2.50168    1.13
2.91977    1.14
2.84042    1.15
2.70767    1.16
2.42004    1.17
2.79007    1.18
2.55203    1.19
2.77786    1.2
2.2644    1.21
2.58636    1.22
2.3674    1.23
2.69241    1.24
2.40631    1.25
2.51694    1.26
2.45667    1.27
2.01645    1.28
2.66953    1.29
1.88828    1.3
2.63596    1.31
2.20032    1.32
2.01874    1.33
2.18353    1.34
2.18658    1.35
1.82266    1.36
2.08282    1.37
2.16751    1.38
1.83868    1.39
2.09198    1.4
1.61057    1.41
1.99127    1.42
1.4183    1.43
1.63345    1.44
1.76239    1.45
1.75095    1.46
1.76926    1.47
1.49918    1.48
1.90125    1.49
1.38931    1.5
1.2886    1.51
1.51367    1.52
1.91879    1.53
1.38397    1.54
1.43204    1.55
1.30615    1.56
1.23138    1.57
1.41754    1.58
1.7952    1.59
1.28479    1.6
1.06659    1.61
1.04523    1.62
1.17645    1.63
1.34125    1.64
1.14746    1.65
1.14288    1.66
1.24359    1.67
0.980377    1.68
0.787354    1.69
0.988007    1.7
1.00708    1.71
0.643158    1.72
0.863647    1.73
0.705719    1.74
0.69809    1.75
0.760651    1.76
0.801849    1.77
0.769043    1.78
1.04675    1.79
0.818634    1.8
0.667572    1.81
0.697327    1.82
0.614166    1.83
0.462341    1.84
0.741577    1.85
0.474548    1.86
0.471497    1.87
0.484467    1.88
0.572205    1.89
0.712585    1.9
0.447845    1.91
0.669861    1.92
0.256348    1.93
0.456238    1.94
0.463104    1.95
0.450897    1.96
0.292206    1.97
0.473022    1.98
0.378418    1.99
0.408173    2
0.522614    2.01
0.289917    2.02
0.453949    2.03
0.305939    2.04
0.431061    2.05
0.271606    2.06
0.321198    2.07
0.269318    2.08
0.344086    2.09
0.397491    2.1
0.257111    2.11
0.299072    2.12
0.250244    2.13
0.270844    2.14
0.260925    2.15
0.14267    2.16
0.208282    2.17
0.219727    2.18
0.286102    2.19
0.163269    2.2
0.230408    2.21
0.170135    2.22
0.234222    2.23
0.183105    2.24
0.139618    2.25
0.148773    2.26
0.172424    2.27
0.209808    2.28
0.124359    2.29
0.10376    2.3
0.0999451    2.31
0.106049    2.32
0.199127    2.33
0.130463    2.34
0.0869751    2.35
0.1091    2.36
0.133514    2.37
0.0358582    2.38
0.140381    2.39
0.11673    2.4
0.0694275    2.41
0.0427246    2.42
0.0511169    2.43
0.0968933    2.44
0.167847    2.45
0.062561    2.46
0.111389    2.47
0.0839233    2.48
0.136566    2.49
0.0320435    2.5
0.106049    2.51
0.0785828    2.52
0.10376    2.53
0.0137329    2.54
0.0427246    2.55
0.0762939    2.56
0.0923157    2.57
0.0793457    2.58
0.0465393    2.59
0.0442505    2.6
0.0671387    2.61
0.110626    2.62
0.0671387    2.63
0    2.64
0.0328064    2.65
0.0335693    2.66
0.0495911    2.67
0.0549316    2.68
0.0350952    2.69
0.0137329    2.7
0.000762939    2.71
0.0289917    2.72
0.0854492    2.73
0.0259399    2.74
0.0167847    2.75
0.0389099    2.76
0.0328064    2.77
0.174713    2.78
0.0106812    2.79
0    2.8
0.0183105    2.81
0.108337    2.82
0.0228882    2.83
0.00305176    2.84
0    2.85
0.0205994    2.86
0.00457764    2.87
0.0869751    2.88
0.038147    2.89
0.050354    2.9
0.0106812    2.91
0.0205994    2.92
0.00457764    2.93
0.00610352    2.94
0.0038147    2.95
0.0259399    2.96
0.038147    2.97
0    2.98
0.0198364    2.99
0    3
0    3.01
0.0213623    3.02
0.0450134    3.03
0    3.04
0    3.05
0.0137329    3.06
0    3.07
0    3.08
0.00686646    3.09
0    3.1
0    3.11
0    3.12
0    3.13
0    3.14
0    3.15
0.00839233    3.16
0    3.17
0.00839233    3.18
0    3.19
0    3.2
0    3.21
0    3.22
0    3.23
0    3.24
0    3.25
0    3.26
0    3.27
0    3.28
0    3.29
0    3.3
0    3.31
0    3.32
0    3.33
0    3.34
0    3.35
0    3.36
0    3.37
0    3.38
0    3.39
0    3.4
0    3.41
0    3.42
0    3.43
0    3.44
0    3.45
0    3.46
0    3.47
0    3.48
0    3.49
0    3.5
0    3.51
0    3.52
0    3.53
0    3.54
0    3.55
0    3.56
0    3.57
0    3.58
0    3.59
0    3.6
0    3.61
0    3.62
0    3.63
0    3.64
0    3.65
0    3.66
0    3.67
0    3.68
0    3.69
0    3.7
0    3.71
0    3.72
0    3.73
0    3.74
0    3.75
0    3.76
0    3.77
0    3.78
0    3.79
0    3.8
0    3.81
0    3.82
0    3.83
0    3.84
0    3.85
0    3.86
0    3.87
0    3.88
0    3.89
0    3.9
0    3.91
0    3.92
0    3.93
0    3.94
0    3.95
0    3.96
0    3.97
0    3.98
0    3.99
