0    0
0.0149536    0.01
0    0.02
0.0358582    0.03
0.0367737    0.04
0.0160217    0.05
0.0306702    0.06
0.0265503    0.07
0.204468    0.08
0.0946045    0.09
0.0634766    0.1
0.16037    0.11
0.127106    0.12
0.146179    0.13
0.204315    0.14
0.366821    0.15
0.354462    0.16
0.663757    0.17
0.460205    0.18
0.540161    0.19
0.64209    0.2
0.59082    0.21
0.649719    0.22
0.697784    0.23
0.936127    0.24
0.71579    0.25
0.892487    0.26
1.12488    0.27
1.10947    0.28
1.00281    0.29
1.16562    0.3
1.3002    0.31
1.23901    0.32
1.2027    0.33
1.49033    0.34
1.53839    0.35
1.55853    0.36
1.61163    0.37
1.51871    0.38
1.79474    0.39
1.6629    0.4
2.00653    0.41
2.32498    0.42
1.93176    0.43
1.9133    0.44
2.10236    0.45
2.44812    0.46
2.12097    0.47
2.77344    0.48
2.22427    0.49
2.46033    0.5
2.40021    0.51
2.48657    0.52
2.88437    0.53
2.57004    0.54
2.78366    0.55
3.45688    0.56
3.04138    0.57
2.94128    0.58
2.79755    0.59
3.20511    0.6
3.03864    0.61
3.07327    0.62
3.46573    0.63
3.82126    0.64
3.12485    0.65
3.28827    0.66
3.13492    0.67
3.4758    0.68
3.08441    0.69
3.10303    0.7
3.89847    0.71
3.65005    0.72
3.54782    0.73
3.91006    0.74
3.82324    0.75
3.8829    0.76
3.80951    0.77
3.75595    0.78
3.36792    0.79
4.0416    0.8
3.13675    0.81
3.61938    0.82
3.66852    0.83
3.89893    0.84
3.60779    0.85
3.82828    0.86
4.24164    0.87
3.59131    0.88
3.7915    0.89
3.91861    0.9
3.62869    0.91
4.19464    0.92
3.4816    0.93
3.81287    0.94
3.51624    0.95
3.76328    0.96
3.79761    0.97
3.59512    0.98
3.63846    0.99
3.68011    1
3.71536    1.01
3.68958    1.02
3.3905    1.03
2.81052    1.04
3.2431    1.05
3.63556    1.06
3.55911    1.07
3.29605    1.08
3.49045    1.09
3.00873    1.1
2.95197    1.11
3.1456    1.12
3.05771    1.13
3.13217    1.14
3.24097    1.15
3.04764    1.16
3.03833    1.17
2.6738    1.18
2.75085    1.19
3.07129    1.2
3.02628    1.21
2.92435    1.22
2.90039    1.23
2.93243    1.24
2.2142    1.25
2.63657    1.26
2.3735    1.27
2.62039    1.28
2.41516    1.29
2.49008    1.3
2.52197    1.31
2.1814    1.32
2.10907    1.33
1.89346    1.34
2.10297    1.35
2.23755    1.36
2.19345    1.37
2.06726    1.38
1.84921    1.39
1.86966    1.4
1.72287    1.41
1.97617    1.42
1.67648    1.43
1.8663    1.44
1.83014    1.45
1.61545    1.46
1.50848    1.47
1.54678    1.48
1.41052    1.49
1.21994    1.5
1.44119    1.51
1.47018    1.52
1.09283    1.53
1.29059    1.54
1.353    1.55
1.28143    1.56
1.10016    1.57
1.42548    1.58
1.25595    1.59
1.40518    1.6
1.30524    1.61
1.15799    1.62
1.11404    1.63
1.01334    1.64
0.78949    1.65
1.11542    1.66
0.978699    1.67
1.02142    1.68
0.783539    1.69
1.13449    1.7
0.81955    1.71
0.768585    1.72
0.999603    1.73
0.774841    1.74
0.897217    1.75
0.839233    1.76
0.61615    1.77
0.701294    1.78
0.568237    1.79
0.563049    1.8
0.802155    1.81
0.856628    1.82
0.762177    1.83
0.718536    1.84
0.463562    1.85
0.623474    1.86
0.408325    1.87
0.565491    1.88
0.557098    1.89
0.536041    1.9
0.45578    1.91
0.366669    1.92
0.307007    1.93
0.327606    1.94
0.306244    1.95
0.340729    1.96
0.287628    1.97
0.284271    1.98
0.435486    1.99
0.363159    2
0.34256    2.01
0.167847    2.02
0.278168    2.03
0.169373    2.04
0.243378    2.05
0.270538    2.06
0.158691    2.07
0.25177    2.08
0.277405    2.09
0.234528    2.1
0.160828    2.11
0.207214    2.12
0.197296    2.13
0.152435    2.14
0.15274    2.15
0.10498    2.16
0.155792    2.17
0.252228    2.18
0.0881958    2.19
0.140076    2.2
0.321503    2.21
0.135651    2.22
0.0935364    2.23
0.189056    2.24
0.0842285    2.25
0.149994    2.26
0.108643    2.27
0.0445557    2.28
0.10849    2.29
0.121613    2.3
0.236206    2.31
0.11261    2.32
0.0704956    2.33
0.0570679    2.34
0.0495911    2.35
0.0822449    2.36
0.111389    2.37
0.163879    2.38
0.0718689    2.39
0.0596619    2.4
0.0448608    2.41
0.088501    2.42
0.10025    2.43
0.0404358    2.44
0.0712585    2.45
0.0827026    2.46
0.0440979    2.47
0.0328064    2.48
0.0271606    2.49
0.162048    2.5
0.0445557    2.51
0.0234985    2.52
0.0512695    2.53
0.040741    2.54
0.04776    2.55
0.0630188    2.56
0.0291443    2.57
0.0642395    2.58
0.0524902    2.59
0.022583    2.6
0.00366211    2.61
0    2.62
0.0315857    2.63
0.0392151    2.64
0.014801    2.65
0    2.66
0.0135803    2.67
0.0160217    2.68
0.00305176    2.69
0    2.7
0.0267029    2.71
0    2.72
0.0215149    2.73
0.000762939    2.74
0.00198364    2.75
0    2.76
0    2.77
0    2.78
0    2.79
0    2.8
0    2.81
0    2.82
0    2.83
0    2.84
0    2.85
0.00839233    2.86
0    2.87
0    2.88
0    2.89
0    2.9
0    2.91
0    2.92
0    2.93
0    2.94
0    2.95
0    2.96
0    2.97
0    2.98
0    2.99
0    3
0    3.01
0    3.02
0    3.03
0    3.04
0    3.05
0    3.06
0    3.07
0    3.08
0    3.09
0    3.1
0    3.11
0    3.12
0    3.13
0    3.14
0    3.15
0    3.16
0    3.17
0    3.18
0    3.19
0    3.2
0    3.21
0    3.22
0    3.23
0    3.24
0    3.25
0    3.26
0    3.27
0    3.28
0    3.29
0    3.3
0    3.31
0    3.32
0    3.33
0    3.34
0    3.35
0    3.36
0    3.37
0    3.38
0    3.39
0    3.4
0    3.41
0    3.42
0    3.43
0    3.44
0    3.45
0    3.46
0    3.47
0    3.48
0    3.49
0    3.5
0    3.51
0    3.52
0    3.53
0    3.54
0    3.55
0    3.56
0    3.57
0    3.58
0    3.59
0    3.6
0    3.61
0    3.62
0    3.63
0    3.64
0    3.65
0    3.66
0    3.67
0    3.68
0    3.69
0    3.7
0    3.71
0    3.72
0    3.73
0    3.74
0    3.75
0    3.76
0    3.77
0    3.78
0    3.79
0    3.8
0    3.81
0    3.82
0    3.83
0    3.84
0    3.85
0    3.86
0    3.87
0    3.88
0    3.89
0    3.9
0    3.91
0    3.92
0    3.93
0    3.94
0    3.95
0    3.96
0    3.97
0    3.98
0    3.99
