0 -nan
10000 30.0496
20000 31.838
30000 32.8048
40000 32.4889
50000 32.5019
60000 32.865
70000 33.6284
80000 33.7425
90000 33.9037
100000 33.6584
110000 33.4405
120000 34.2868
130000 34.094
140000 34.1298
150000 34.0215
160000 34.1461
170000 35.0585
180000 35.7611
190000 36.7993
200000 36.6647
210000 36.5664
220000 36.6047
230000 37.1016
240000 37.0884
250000 37.2912
260000 36.6587
270000 36.3153
280000 36.1324
290000 36.3933
300000 36.1809
310000 36.5023
320000 36.3648
330000 36.4167
340000 36.5251
350000 36.2272
360000 36.2451
370000 35.9808
380000 34.9991
390000 34.6602
400000 34.4504
410000 34.0112
420000 35.0637
430000 34.8736
440000 35.567
450000 35.0829
460000 34.4345
470000 35.2446
480000 35.1939
490000 35.5465
500000 35.5354
510000 35.6652
520000 35.3876
530000 35.7568
540000 36.0773
550000 35.5399
560000 34.9647
570000 35.5901
580000 35.1184
590000 35.2398
600000 35.662
610000 36.4852
620000 36.2038
630000 36.2111
640000 35.9363
650000 35.7634
660000 36.2786
670000 36.0768
680000 35.42
690000 34.7399
700000 36.0015
710000 35.7981
720000 36.5968
730000 35.6562
740000 35.4505
750000 35.3851
760000 36.0961
770000 35.508
780000 34.9988
790000 34.3154
800000 35.2088
810000 35.4176
820000 36.4195
830000 36.5574
840000 35.8242
850000 36.0663
860000 36.3345
870000 36.5514
880000 35.3616
890000 35.4614
900000 35.3947
910000 34.7967
920000 34.8264
930000 35.7218
940000 35.7534
950000 35.9459
960000 35.7916
970000 35.6494
980000 35.5252
990000 35.4765
