0 -nan
10000 14.9016
20000 14.9776
30000 15.0192
40000 15.1426
50000 14.932
60000 15.07
70000 15.3
80000 15.0563
90000 15.001
100000 15.0342
110000 15.0363
120000 15.2127
130000 15.0158
140000 15.2656
150000 15.0839
160000 15.1275
170000 15.02
180000 15.0295
190000 16.8584
200000 17.0634
210000 15.5808
220000 15.0166
230000 15.1403
240000 15.0482
250000 15.1215
260000 15.0946
270000 15.0747
280000 15.0779
290000 15.1246
300000 15.0713
310000 15.3029
320000 15.0096
330000 15.1428
340000 15.0858
350000 15.0326
360000 15.2209
370000 15.1229
380000 15.1309
390000 15.026
400000 16.1549
410000 15.063
420000 15.1234
430000 15.1563
440000 15.0209
450000 15.0877
460000 15.1036
470000 14.9993
480000 15.3912
490000 15.214
500000 15.0821
510000 15.044
520000 15.0549
530000 15.0825
540000 15.0615
550000 15.0828
560000 15.0861
570000 15.1006
580000 15.4094
590000 15.0822
600000 15.0718
610000 15.24
620000 15.064
630000 15.0474
640000 15.0945
650000 15.0552
660000 15.1137
670000 15.0828
680000 15.1535
690000 15.5474
700000 15.0564
710000 15.2114
720000 15.0615
730000 15.0508
740000 15.0215
750000 15.5725
760000 15.0969
770000 15.1772
780000 15.0904
790000 15.1042
800000 15.0934
810000 15.0765
820000 15.0713
830000 15.0622
840000 15.0617
850000 15.0536
860000 15.1226
870000 15.1552
880000 15.1351
890000 15.0481
900000 15.0893
910000 15.1836
920000 15.0842
930000 15.0735
940000 15.6159
950000 15.1424
960000 15.0472
970000 15.1881
980000 15.1065
990000 15.1032
