0 -nan
10000 33.7986
20000 41.5713
30000 42.9536
40000 43.6545
50000 44.271
60000 44.5603
70000 44.8034
80000 45.3375
90000 45.5771
100000 45.6615
110000 45.8094
120000 45.8654
130000 45.9195
140000 46.0663
150000 46.0748
160000 46.2713
170000 46.5556
180000 46.8813
190000 46.9075
200000 46.9492
210000 46.8757
220000 46.982
230000 47.1119
240000 47.2052
250000 47.2376
260000 47.396
270000 47.4473
280000 47.5519
290000 47.5545
300000 47.6563
310000 47.9135
320000 48.0251
330000 48.0238
340000 48.3432
350000 48.4826
360000 48.4851
370000 48.5009
380000 48.5752
390000 48.6024
400000 48.6085
410000 48.6259
420000 48.6521
430000 48.6521
440000 48.6638
450000 48.7811
460000 48.7929
470000 48.7929
480000 48.7882
490000 48.8189
500000 48.9607
510000 48.9607
520000 48.9744
530000 49.0324
540000 49.0232
550000 48.9886
560000 48.9886
570000 49.2881
580000 49.2967
590000 49.3016
600000 49.3016
610000 49.3282
620000 49.3261
630000 49.3117
640000 49.2614
650000 49.2937
660000 49.2937
670000 49.3207
680000 49.3614
690000 49.5883
700000 49.6296
710000 49.6383
720000 49.6269
730000 49.6269
740000 49.6413
750000 49.6732
760000 49.6809
770000 49.7001
780000 49.7251
790000 49.725
800000 49.725
810000 49.7182
820000 49.6731
830000 49.6731
840000 49.6731
850000 49.6731
860000 49.6788
870000 49.7173
880000 49.7173
890000 49.7063
900000 49.937
910000 49.9518
920000 50.0055
930000 49.9908
940000 49.8829
950000 49.8829
960000 49.9054
970000 49.9054
980000 49.9054
990000 49.9054
