0 -nan
10000 23.7154
20000 24.1103
30000 24.3569
40000 24.3097
50000 23.8281
60000 23.9685
70000 23.8175
80000 23.6685
90000 23.47
100000 24.0963
110000 23.395
120000 23.7003
130000 24.1253
140000 23.9117
150000 23.7098
160000 23.7688
170000 23.8639
180000 23.8299
190000 23.5846
200000 23.2954
210000 24.5325
220000 23.9231
230000 23.8359
240000 23.7985
250000 23.3419
260000 24.0786
270000 23.4852
280000 24.0581
290000 23.5469
300000 24.1873
310000 24.2493
320000 23.6909
330000 23.9323
340000 23.598
350000 24.3354
360000 23.7007
370000 24.0535
380000 23.5492
390000 24.3023
400000 23.8808
410000 23.9041
420000 23.9374
430000 23.9042
440000 23.7301
450000 23.7131
460000 23.6201
470000 23.8805
480000 24.0451
490000 23.9013
500000 24.1426
510000 23.9909
520000 23.7457
530000 23.7255
540000 23.9839
550000 23.764
560000 23.7331
570000 24.0544
580000 23.8791
590000 23.8452
600000 23.8857
610000 23.8214
620000 23.7361
630000 23.6283
640000 23.9369
650000 23.8644
660000 23.6313
670000 23.826
680000 23.8642
690000 23.5227
700000 23.6883
710000 23.7975
720000 24.0162
730000 23.6988
740000 23.6246
750000 23.9349
760000 23.7733
770000 23.6583
780000 23.6726
790000 23.5662
800000 23.8346
810000 23.6731
820000 23.5404
830000 23.5799
840000 23.7456
850000 23.7814
860000 23.8235
870000 23.7693
880000 23.7899
890000 24.0523
900000 23.8574
910000 23.8428
920000 23.7909
930000 23.9815
940000 23.7429
950000 23.633
960000 23.7425
970000 23.9507
980000 23.7711
990000 23.9945
