0 -nan
10000 26.6055
20000 44.7707
30000 47.3865
40000 48.4843
50000 49.2437
60000 50.0002
70000 50.3712
80000 50.5892
90000 50.8277
100000 51.256
110000 51.5269
120000 51.928
130000 52.067
140000 52.1649
150000 52.2033
160000 52.229
170000 52.5664
180000 52.776
190000 52.8848
200000 53.0798
210000 53.2635
220000 53.2706
230000 53.3489
240000 53.3539
250000 53.3944
260000 53.5151
270000 53.6057
280000 53.7793
290000 53.8118
300000 53.8386
310000 53.8355
320000 53.826
330000 53.8289
340000 53.8605
350000 53.8931
360000 54.0077
370000 54.1923
380000 54.24
390000 54.2724
400000 54.4876
410000 54.5724
420000 54.5726
430000 54.5726
440000 54.6255
450000 54.6758
460000 54.6758
470000 54.6753
480000 54.6656
490000 54.6653
500000 54.6979
510000 54.7969
520000 54.8659
530000 54.9499
540000 54.9341
550000 54.9341
560000 54.9446
570000 55.051
580000 55.0675
590000 55.0581
600000 55.0469
610000 55.1109
620000 55.1085
630000 55.1072
640000 55.107
650000 55.116
660000 55.1371
670000 55.1434
680000 55.1483
690000 55.1552
700000 55.1926
710000 55.3145
720000 55.3547
730000 55.3547
740000 55.4372
750000 55.4372
760000 55.477
770000 55.4855
780000 55.5072
790000 55.5233
800000 55.5485
810000 55.5485
820000 55.5598
830000 55.6005
840000 55.6005
850000 55.5833
860000 55.6553
870000 55.6778
880000 55.6752
890000 55.6759
900000 55.6832
910000 55.6832
920000 55.6832
930000 55.6832
940000 55.6832
950000 55.6832
960000 55.668
970000 55.6155
980000 55.6196
990000 55.6196
