0 -nan
10000 13.652
20000 13.8348
30000 13.9315
40000 13.8495
50000 13.8287
60000 13.7747
70000 13.8574
80000 13.799
90000 13.8636
100000 13.8562
110000 14.2977
120000 13.9966
130000 13.894
140000 13.8561
150000 13.8076
160000 13.9295
170000 13.9489
180000 13.7917
190000 14.0612
200000 13.8041
210000 13.835
220000 13.8184
230000 13.8619
240000 13.8367
250000 13.8109
260000 14.0283
270000 13.8278
280000 13.913
290000 13.9612
300000 13.834
310000 13.8867
320000 13.8583
330000 13.8194
340000 13.8333
350000 13.9028
360000 13.8499
370000 13.8218
380000 13.8555
390000 13.8114
400000 13.8321
410000 13.8629
420000 13.8837
430000 13.8249
440000 13.8883
450000 13.835
460000 13.8519
470000 13.841
480000 13.8715
490000 13.9191
500000 13.8166
510000 13.8508
520000 13.8273
530000 13.8723
540000 13.9844
550000 13.8558
560000 13.8379
570000 13.8484
580000 13.8497
590000 13.8964
600000 13.9287
610000 13.8974
620000 13.8239
630000 13.847
640000 13.8462
650000 13.838
660000 13.8677
670000 13.8849
680000 13.8582
690000 13.9676
700000 13.8547
710000 13.8372
720000 13.9316
730000 13.8447
740000 13.8292
750000 13.8183
760000 13.8524
770000 13.8357
780000 13.8464
790000 13.8382
800000 13.8711
810000 13.848
820000 13.8728
830000 13.8161
840000 13.9275
850000 13.9092
860000 13.8441
870000 13.8656
880000 13.8225
890000 13.8305
900000 13.8805
910000 13.8201
920000 13.843
930000 13.8468
940000 13.8744
950000 13.877
960000 13.8916
970000 13.8658
980000 13.8467
990000 13.8682
